average: -12.500000
total: -50.000000
