average: 0.500000
total: 2.000000
