average: 4.563667
total: 13.691000
