average: 1.000000
total: 1.000000
