average: 3.900000
total: 7.800000
