average: 5.666667
total: 17.000000
