average: 1000000000.000000
total: 4000000000.000000
