average: 0.000000
total: 0.000000
