average: 1499999999999999984639126153007614336162066333696.000000
total: 2999999999999999969278252306015228672324132667392.000000
