average: 5.555556
total: 11.111111
