average: 10000.000000
total: 40000.000000
