average: -4.320988
total: -8.641975
