average: 150.000000
total: 300.000000
