average: 55555555505555554304.000000
total: 111111111011111108608.000000
