average: 1.500000
total: 3.000000
